[1] "Data read"
[1] "Starting sims 301 to 400"
[1] 301
[1] "Done."
[1] 302
[1] "Done."
[1] 303
[1] "Done."
[1] 304
[1] "Done."
[1] 305
[1] "Done."
[1] 306
[1] "Done."
[1] 307
[1] "Done."
[1] 308
[1] "Done."
[1] 309
[1] "Done."
[1] 310
[1] "Done."
[1] 311
[1] "Done."
[1] 312
[1] "Done."
[1] 313
[1] "Done."
[1] 314
[1] "Done."
[1] 315
[1] "Done."
[1] 316
[1] "Done."
[1] 317
[1] "Done."
[1] 318
[1] "Done."
[1] 319
[1] "Done."
[1] 320
[1] "Done."
[1] 321
[1] "Done."
[1] 322
[1] "Done."
[1] 323
[1] "Done."
[1] 324
[1] "Done."
[1] 325
[1] "Done."
[1] 326
[1] "Done."
[1] 327
[1] "Done."
[1] 328
[1] "Done."
[1] 329
[1] "Done."
[1] 330
[1] "Done."
[1] 331
[1] "Done."
[1] 332
[1] "Done."
[1] 333
